{
 "cells": [
  {
   "cell_type": "markdown",
   "id": "d9bb2704",
   "metadata": {},
   "source": [
    "# Inlämning 2: Numpy, Pandas och Analys"
   ]
  },
  {
   "cell_type": "markdown",
   "id": "0925e475",
   "metadata": {},
   "source": [
    "### Part 1: Numpy"
   ]
  },
  {
   "cell_type": "code",
   "execution_count": null,
   "id": "3d6e6fd5",
   "metadata": {},
   "outputs": [],
   "source": [
    "import numpy as np"
   ]
  },
  {
   "cell_type": "markdown",
   "id": "0750ad1a",
   "metadata": {},
   "source": [
    "Konstruera en array med 10 kolumner och 5 rader av float-tal. Inget tal får vara samma."
   ]
  },
  {
   "cell_type": "code",
   "execution_count": null,
   "id": "83e13f76-9d58-4dbd-89f4-5cbfdcde235e",
   "metadata": {},
   "outputs": [
    {
     "name": "stdout",
     "output_type": "stream",
     "text": [
      "[[0.   0.02 0.04 0.06 0.08 0.1  0.12 0.14 0.16 0.18]\n",
      " [0.2  0.22 0.24 0.26 0.28 0.3  0.32 0.34 0.36 0.38]\n",
      " [0.4  0.42 0.44 0.46 0.48 0.5  0.52 0.54 0.56 0.58]\n",
      " [0.6  0.62 0.64 0.66 0.68 0.7  0.72 0.74 0.76 0.78]\n",
      " [0.8  0.82 0.84 0.86 0.88 0.9  0.92 0.94 0.96 0.98]]\n"
     ]
    }
   ],
   "source": [
    "N = 50\n",
    "xa = np.linspace(0, 1, N, endpoint=False)\n",
    "arr = np.array(xa)\n",
    "x1 = arr.reshape(5,10)\n",
    "print(x1)"
   ]
  },
  {
   "cell_type": "markdown",
   "id": "181fd018",
   "metadata": {},
   "source": [
    "Konstruera en ny array till med 10 kolumner och 7 rader av float-tal. Den skall inte vara samma som ovan array.."
   ]
  },
  {
   "cell_type": "code",
   "execution_count": null,
   "id": "373890d4-4a51-481e-94f8-04bce8d94d40",
   "metadata": {},
   "outputs": [
    {
     "name": "stdout",
     "output_type": "stream",
     "text": [
      "[[1.         1.01428571 1.02857143 1.04285714 1.05714286 1.07142857\n",
      "  1.08571429 1.1        1.11428571 1.12857143]\n",
      " [1.14285714 1.15714286 1.17142857 1.18571429 1.2        1.21428571\n",
      "  1.22857143 1.24285714 1.25714286 1.27142857]\n",
      " [1.28571429 1.3        1.31428571 1.32857143 1.34285714 1.35714286\n",
      "  1.37142857 1.38571429 1.4        1.41428571]\n",
      " [1.42857143 1.44285714 1.45714286 1.47142857 1.48571429 1.5\n",
      "  1.51428571 1.52857143 1.54285714 1.55714286]\n",
      " [1.57142857 1.58571429 1.6        1.61428571 1.62857143 1.64285714\n",
      "  1.65714286 1.67142857 1.68571429 1.7       ]\n",
      " [1.71428571 1.72857143 1.74285714 1.75714286 1.77142857 1.78571429\n",
      "  1.8        1.81428571 1.82857143 1.84285714]\n",
      " [1.85714286 1.87142857 1.88571429 1.9        1.91428571 1.92857143\n",
      "  1.94285714 1.95714286 1.97142857 1.98571429]]\n"
     ]
    }
   ],
   "source": [
    "N = 70\n",
    "xb = np.linspace(1, 2, N, endpoint=False)\n",
    "arr = np.array(xb)\n",
    "x2 = arr.reshape(7,10)\n",
    "print(x2)"
   ]
  },
  {
   "cell_type": "markdown",
   "id": "04524bf4",
   "metadata": {},
   "source": [
    "Gör om de ovan arrayerna så att de har 5 kolumner men innehåller samma data."
   ]
  },
  {
   "cell_type": "code",
   "execution_count": 8,
   "id": "0809099f-6e8b-4302-8c4b-7076d28e9199",
   "metadata": {},
   "outputs": [
    {
     "name": "stdout",
     "output_type": "stream",
     "text": [
      "[[0.         0.02040816 0.04081633 0.06122449 0.08163265]\n",
      " [0.10204082 0.12244898 0.14285714 0.16326531 0.18367347]\n",
      " [0.20408163 0.2244898  0.24489796 0.26530612 0.28571429]\n",
      " [0.30612245 0.32653061 0.34693878 0.36734694 0.3877551 ]\n",
      " [0.40816327 0.42857143 0.44897959 0.46938776 0.48979592]\n",
      " [0.51020408 0.53061224 0.55102041 0.57142857 0.59183673]\n",
      " [0.6122449  0.63265306 0.65306122 0.67346939 0.69387755]\n",
      " [0.71428571 0.73469388 0.75510204 0.7755102  0.79591837]\n",
      " [0.81632653 0.83673469 0.85714286 0.87755102 0.89795918]\n",
      " [0.91836735 0.93877551 0.95918367 0.97959184 1.        ]]\n",
      "[[1.         1.01449275 1.02898551 1.04347826 1.05797101]\n",
      " [1.07246377 1.08695652 1.10144928 1.11594203 1.13043478]\n",
      " [1.14492754 1.15942029 1.17391304 1.1884058  1.20289855]\n",
      " [1.2173913  1.23188406 1.24637681 1.26086957 1.27536232]\n",
      " [1.28985507 1.30434783 1.31884058 1.33333333 1.34782609]\n",
      " [1.36231884 1.37681159 1.39130435 1.4057971  1.42028986]\n",
      " [1.43478261 1.44927536 1.46376812 1.47826087 1.49275362]\n",
      " [1.50724638 1.52173913 1.53623188 1.55072464 1.56521739]\n",
      " [1.57971014 1.5942029  1.60869565 1.62318841 1.63768116]\n",
      " [1.65217391 1.66666667 1.68115942 1.69565217 1.71014493]\n",
      " [1.72463768 1.73913043 1.75362319 1.76811594 1.7826087 ]\n",
      " [1.79710145 1.8115942  1.82608696 1.84057971 1.85507246]\n",
      " [1.86956522 1.88405797 1.89855072 1.91304348 1.92753623]\n",
      " [1.94202899 1.95652174 1.97101449 1.98550725 2.        ]]\n"
     ]
    }
   ],
   "source": [
    "N = 50\n",
    "x = np.linspace(0, 1, N, endpoint=True)\n",
    "arr = np.array(x)\n",
    "x1 = arr.reshape(10,5)\n",
    "print(x1)\n",
    "\n",
    "N = 70\n",
    "x = np.linspace(1, 2, N, endpoint=True)\n",
    "arr = np.array(x)\n",
    "x2 = arr.reshape(14,5)\n",
    "print(x2)"
   ]
  },
  {
   "cell_type": "markdown",
   "id": "27063978",
   "metadata": {},
   "source": [
    "Slå ihop de bägge arrayerna till en array."
   ]
  },
  {
   "cell_type": "code",
   "execution_count": 9,
   "id": "ab872fa2-5998-4da9-b120-1061ff7baca9",
   "metadata": {},
   "outputs": [
    {
     "name": "stdout",
     "output_type": "stream",
     "text": [
      "[[0.         0.02040816 0.04081633 0.06122449 0.08163265]\n",
      " [0.10204082 0.12244898 0.14285714 0.16326531 0.18367347]\n",
      " [0.20408163 0.2244898  0.24489796 0.26530612 0.28571429]\n",
      " [0.30612245 0.32653061 0.34693878 0.36734694 0.3877551 ]\n",
      " [0.40816327 0.42857143 0.44897959 0.46938776 0.48979592]\n",
      " [0.51020408 0.53061224 0.55102041 0.57142857 0.59183673]\n",
      " [0.6122449  0.63265306 0.65306122 0.67346939 0.69387755]\n",
      " [0.71428571 0.73469388 0.75510204 0.7755102  0.79591837]\n",
      " [0.81632653 0.83673469 0.85714286 0.87755102 0.89795918]\n",
      " [0.91836735 0.93877551 0.95918367 0.97959184 1.        ]\n",
      " [1.         1.01449275 1.02898551 1.04347826 1.05797101]\n",
      " [1.07246377 1.08695652 1.10144928 1.11594203 1.13043478]\n",
      " [1.14492754 1.15942029 1.17391304 1.1884058  1.20289855]\n",
      " [1.2173913  1.23188406 1.24637681 1.26086957 1.27536232]\n",
      " [1.28985507 1.30434783 1.31884058 1.33333333 1.34782609]\n",
      " [1.36231884 1.37681159 1.39130435 1.4057971  1.42028986]\n",
      " [1.43478261 1.44927536 1.46376812 1.47826087 1.49275362]\n",
      " [1.50724638 1.52173913 1.53623188 1.55072464 1.56521739]\n",
      " [1.57971014 1.5942029  1.60869565 1.62318841 1.63768116]\n",
      " [1.65217391 1.66666667 1.68115942 1.69565217 1.71014493]\n",
      " [1.72463768 1.73913043 1.75362319 1.76811594 1.7826087 ]\n",
      " [1.79710145 1.8115942  1.82608696 1.84057971 1.85507246]\n",
      " [1.86956522 1.88405797 1.89855072 1.91304348 1.92753623]\n",
      " [1.94202899 1.95652174 1.97101449 1.98550725 2.        ]]\n"
     ]
    }
   ],
   "source": [
    "x3 = np.concatenate((x1, x2), axis=0)\n",
    "print(x3)"
   ]
  },
  {
   "cell_type": "markdown",
   "id": "d698b3a8",
   "metadata": {},
   "source": [
    "Ändra ordningen på kolumnerna så att de har ordningen kolumn5, kolumn3, kolumn4, kolumn1 och kolumn2."
   ]
  },
  {
   "cell_type": "code",
   "execution_count": 10,
   "id": "9e55aff5-9347-4b61-b0af-0390c7903e18",
   "metadata": {},
   "outputs": [
    {
     "name": "stdout",
     "output_type": "stream",
     "text": [
      "[[0.06122449 0.08163265 0.02040816 0.04081633 0.        ]\n",
      " [0.16326531 0.18367347 0.12244898 0.14285714 0.10204082]\n",
      " [0.26530612 0.28571429 0.2244898  0.24489796 0.20408163]\n",
      " [0.36734694 0.3877551  0.32653061 0.34693878 0.30612245]\n",
      " [0.46938776 0.48979592 0.42857143 0.44897959 0.40816327]\n",
      " [0.57142857 0.59183673 0.53061224 0.55102041 0.51020408]\n",
      " [0.67346939 0.69387755 0.63265306 0.65306122 0.6122449 ]\n",
      " [0.7755102  0.79591837 0.73469388 0.75510204 0.71428571]\n",
      " [0.87755102 0.89795918 0.83673469 0.85714286 0.81632653]\n",
      " [0.97959184 1.         0.93877551 0.95918367 0.91836735]\n",
      " [1.04347826 1.05797101 1.01449275 1.02898551 1.        ]\n",
      " [1.11594203 1.13043478 1.08695652 1.10144928 1.07246377]\n",
      " [1.1884058  1.20289855 1.15942029 1.17391304 1.14492754]\n",
      " [1.26086957 1.27536232 1.23188406 1.24637681 1.2173913 ]\n",
      " [1.33333333 1.34782609 1.30434783 1.31884058 1.28985507]\n",
      " [1.4057971  1.42028986 1.37681159 1.39130435 1.36231884]\n",
      " [1.47826087 1.49275362 1.44927536 1.46376812 1.43478261]\n",
      " [1.55072464 1.56521739 1.52173913 1.53623188 1.50724638]\n",
      " [1.62318841 1.63768116 1.5942029  1.60869565 1.57971014]\n",
      " [1.69565217 1.71014493 1.66666667 1.68115942 1.65217391]\n",
      " [1.76811594 1.7826087  1.73913043 1.75362319 1.72463768]\n",
      " [1.84057971 1.85507246 1.8115942  1.82608696 1.79710145]\n",
      " [1.91304348 1.92753623 1.88405797 1.89855072 1.86956522]\n",
      " [1.98550725 2.         1.95652174 1.97101449 1.94202899]]\n"
     ]
    }
   ],
   "source": [
    "permutation = [4, 2, 3, 0, 1]\n",
    "idx = np.empty_like(permutation)\n",
    "idx[permutation] = np.arange(len(permutation))\n",
    "x3[:, idx]  # return a rearranged copy\n",
    "x3[:] = x3[:, idx]  # in-place modification of a\n",
    "print(x3)"
   ]
  },
  {
   "cell_type": "markdown",
   "id": "031a7184",
   "metadata": {},
   "source": [
    "### Part 2: Panda"
   ]
  },
  {
   "cell_type": "code",
   "execution_count": 27,
   "id": "bc32132a",
   "metadata": {},
   "outputs": [],
   "source": [
    "import pandas as pd"
   ]
  },
  {
   "cell_type": "markdown",
   "id": "59f734fe",
   "metadata": {},
   "source": [
    "Hur många regioner finns med i data?\n",
    "Lista regionerna i bokstavsordning\n",
    "Vad är invånarantalet i varje region\n",
    "Hur många brott begicks i varje region\n",
    "Skapa en dataframe på de områden  med de 10 högsta antalet överfall.\n",
    "Lägg till en kolumn i dataframen som visar % antal överfall i området jämfört med invånarantal i området\n",
    "Skapa en ny dataframe som innehåller antalet områden som finns av de olika typerna av urban area. Ledtråd: groupby\n",
    "Ta reda på hur många områden hade population men inga överfall. Jämfört totala populationen i dessa med totala poplulationen i deras region.\n",
    "Räkna antalet områden som inte har någon data på överfall eller invånare.\n",
    "VG: Skapa en ny dataframe med 10  områderna med mer än 5000 invånare, men har de lägsta överfallen per invånare. \n",
    "VG: Skapa en ny dataframe som innehåller % överfall i regionen jämfört med antalet invånare i regionen.  \n",
    "VG: Lägg till en ny kolumn i dataframen som visar % antal överfall per region\n"
   ]
  },
  {
   "cell_type": "code",
   "execution_count": 56,
   "id": "65b1b827-b09a-4d3a-90af-327e4359a311",
   "metadata": {},
   "outputs": [
    {
     "name": "stdout",
     "output_type": "stream",
     "text": [
      "Hur många regioner finns med i data?:  17\n"
     ]
    },
    {
     "data": {
      "text/html": [
       "<div>\n",
       "<style scoped>\n",
       "    .dataframe tbody tr th:only-of-type {\n",
       "        vertical-align: middle;\n",
       "    }\n",
       "\n",
       "    .dataframe tbody tr th {\n",
       "        vertical-align: top;\n",
       "    }\n",
       "\n",
       "    .dataframe thead th {\n",
       "        text-align: right;\n",
       "    }\n",
       "</style>\n",
       "<table border=\"1\" class=\"dataframe\">\n",
       "  <thead>\n",
       "    <tr style=\"text-align: right;\">\n",
       "      <th></th>\n",
       "      <th>Index</th>\n",
       "      <th>Area_unit_2013_code</th>\n",
       "      <th>Area_unit_2013_label</th>\n",
       "      <th>Victimisations_calendar_year_2015</th>\n",
       "      <th>Population_mid_point_2015</th>\n",
       "      <th>Rate_per_10000_population</th>\n",
       "      <th>Rate_ratio_NZ_average_rate</th>\n",
       "      <th>Urban_area_2013_code</th>\n",
       "      <th>Urban_area_2013_label</th>\n",
       "      <th>Urban_area_type</th>\n",
       "      <th>Territorial_authority_area_2013_code</th>\n",
       "      <th>Territorial_authority_area_2013_label</th>\n",
       "      <th>Region_2013_code</th>\n",
       "      <th>Region_2013_label</th>\n",
       "    </tr>\n",
       "  </thead>\n",
       "  <tbody>\n",
       "    <tr>\n",
       "      <th>0</th>\n",
       "      <td>1</td>\n",
       "      <td>514102</td>\n",
       "      <td>Auckland Central West</td>\n",
       "      <td>550</td>\n",
       "      <td>15900</td>\n",
       "      <td>346</td>\n",
       "      <td>6.6</td>\n",
       "      <td>4</td>\n",
       "      <td>Central Auckland Zone</td>\n",
       "      <td>Main urban area</td>\n",
       "      <td>76</td>\n",
       "      <td>Auckland</td>\n",
       "      <td>2</td>\n",
       "      <td>Auckland Region</td>\n",
       "    </tr>\n",
       "    <tr>\n",
       "      <th>1</th>\n",
       "      <td>2</td>\n",
       "      <td>573101</td>\n",
       "      <td>Willis Street-Cambridge Terrace</td>\n",
       "      <td>447</td>\n",
       "      <td>8300</td>\n",
       "      <td>539</td>\n",
       "      <td>10.3</td>\n",
       "      <td>20</td>\n",
       "      <td>Wellington Zone</td>\n",
       "      <td>Main urban area</td>\n",
       "      <td>47</td>\n",
       "      <td>Wellington City</td>\n",
       "      <td>9</td>\n",
       "      <td>Wellington Region</td>\n",
       "    </tr>\n",
       "    <tr>\n",
       "      <th>2</th>\n",
       "      <td>3</td>\n",
       "      <td>529700</td>\n",
       "      <td>Hamilton Central</td>\n",
       "      <td>380</td>\n",
       "      <td>3170</td>\n",
       "      <td>1,199</td>\n",
       "      <td>22.9</td>\n",
       "      <td>6</td>\n",
       "      <td>Hamilton Zone</td>\n",
       "      <td>Main urban area</td>\n",
       "      <td>16</td>\n",
       "      <td>Hamilton City</td>\n",
       "      <td>3</td>\n",
       "      <td>Waikato Region</td>\n",
       "    </tr>\n",
       "    <tr>\n",
       "      <th>4</th>\n",
       "      <td>5</td>\n",
       "      <td>591500</td>\n",
       "      <td>Cathedral Square</td>\n",
       "      <td>305</td>\n",
       "      <td>570</td>\n",
       "      <td>5,351</td>\n",
       "      <td>102.3</td>\n",
       "      <td>22</td>\n",
       "      <td>Christchurch</td>\n",
       "      <td>Main urban area</td>\n",
       "      <td>60</td>\n",
       "      <td>Christchurch City</td>\n",
       "      <td>13</td>\n",
       "      <td>Canterbury Region</td>\n",
       "    </tr>\n",
       "    <tr>\n",
       "      <th>7</th>\n",
       "      <td>8</td>\n",
       "      <td>562800</td>\n",
       "      <td>Palmerston North Central</td>\n",
       "      <td>190</td>\n",
       "      <td>3060</td>\n",
       "      <td>621</td>\n",
       "      <td>11.9</td>\n",
       "      <td>16</td>\n",
       "      <td>Palmerston North</td>\n",
       "      <td>Main urban area</td>\n",
       "      <td>40</td>\n",
       "      <td>Palmerston North City</td>\n",
       "      <td>8</td>\n",
       "      <td>Manawatu-Wanganui Region</td>\n",
       "    </tr>\n",
       "    <tr>\n",
       "      <th>8</th>\n",
       "      <td>9</td>\n",
       "      <td>540410</td>\n",
       "      <td>Kuirau</td>\n",
       "      <td>168</td>\n",
       "      <td>1290</td>\n",
       "      <td>1,302</td>\n",
       "      <td>24.9</td>\n",
       "      <td>10</td>\n",
       "      <td>Rotorua</td>\n",
       "      <td>Main urban area</td>\n",
       "      <td>24</td>\n",
       "      <td>Rotorua District</td>\n",
       "      <td>4</td>\n",
       "      <td>Bay of Plenty Region</td>\n",
       "    </tr>\n",
       "    <tr>\n",
       "      <th>10</th>\n",
       "      <td>11</td>\n",
       "      <td>603100</td>\n",
       "      <td>Stuart St-Frederick St</td>\n",
       "      <td>154</td>\n",
       "      <td>3360</td>\n",
       "      <td>458</td>\n",
       "      <td>8.8</td>\n",
       "      <td>23</td>\n",
       "      <td>Dunedin</td>\n",
       "      <td>Main urban area</td>\n",
       "      <td>71</td>\n",
       "      <td>Dunedin City</td>\n",
       "      <td>14</td>\n",
       "      <td>Otago Region</td>\n",
       "    </tr>\n",
       "    <tr>\n",
       "      <th>12</th>\n",
       "      <td>13</td>\n",
       "      <td>582500</td>\n",
       "      <td>Trafalgar</td>\n",
       "      <td>138</td>\n",
       "      <td>550</td>\n",
       "      <td>2,509</td>\n",
       "      <td>48</td>\n",
       "      <td>21</td>\n",
       "      <td>Nelson</td>\n",
       "      <td>Main urban area</td>\n",
       "      <td>52</td>\n",
       "      <td>Nelson City</td>\n",
       "      <td>17</td>\n",
       "      <td>Nelson Region</td>\n",
       "    </tr>\n",
       "    <tr>\n",
       "      <th>13</th>\n",
       "      <td>14</td>\n",
       "      <td>548200</td>\n",
       "      <td>Hastings Central</td>\n",
       "      <td>130</td>\n",
       "      <td>2970</td>\n",
       "      <td>438</td>\n",
       "      <td>8.4</td>\n",
       "      <td>13</td>\n",
       "      <td>Hastings Zone</td>\n",
       "      <td>Main urban area</td>\n",
       "      <td>30</td>\n",
       "      <td>Hastings District</td>\n",
       "      <td>6</td>\n",
       "      <td>Hawke's Bay Region</td>\n",
       "    </tr>\n",
       "    <tr>\n",
       "      <th>14</th>\n",
       "      <td>15</td>\n",
       "      <td>544600</td>\n",
       "      <td>Gisborne Central</td>\n",
       "      <td>128</td>\n",
       "      <td>3380</td>\n",
       "      <td>379</td>\n",
       "      <td>7.2</td>\n",
       "      <td>11</td>\n",
       "      <td>Gisborne</td>\n",
       "      <td>Main urban area</td>\n",
       "      <td>28</td>\n",
       "      <td>Gisborne District</td>\n",
       "      <td>5</td>\n",
       "      <td>Gisborne Region</td>\n",
       "    </tr>\n",
       "    <tr>\n",
       "      <th>22</th>\n",
       "      <td>23</td>\n",
       "      <td>551800</td>\n",
       "      <td>New Plymouth Central</td>\n",
       "      <td>102</td>\n",
       "      <td>680</td>\n",
       "      <td>1,500</td>\n",
       "      <td>28.7</td>\n",
       "      <td>14</td>\n",
       "      <td>New Plymouth</td>\n",
       "      <td>Main urban area</td>\n",
       "      <td>33</td>\n",
       "      <td>New Plymouth District</td>\n",
       "      <td>7</td>\n",
       "      <td>Taranaki Region</td>\n",
       "    </tr>\n",
       "    <tr>\n",
       "      <th>26</th>\n",
       "      <td>27</td>\n",
       "      <td>581230</td>\n",
       "      <td>Blenheim Central</td>\n",
       "      <td>91</td>\n",
       "      <td>2790</td>\n",
       "      <td>326</td>\n",
       "      <td>6.2</td>\n",
       "      <td>26</td>\n",
       "      <td>Blenheim</td>\n",
       "      <td>Main urban area</td>\n",
       "      <td>53</td>\n",
       "      <td>Marlborough District</td>\n",
       "      <td>18</td>\n",
       "      <td>Marlborough Region</td>\n",
       "    </tr>\n",
       "    <tr>\n",
       "      <th>31</th>\n",
       "      <td>32</td>\n",
       "      <td>503100</td>\n",
       "      <td>Whangarei Central</td>\n",
       "      <td>87</td>\n",
       "      <td>280</td>\n",
       "      <td>3,107</td>\n",
       "      <td>59.4</td>\n",
       "      <td>1</td>\n",
       "      <td>Whangarei</td>\n",
       "      <td>Main urban area</td>\n",
       "      <td>2</td>\n",
       "      <td>Whangarei District</td>\n",
       "      <td>1</td>\n",
       "      <td>Northland Region</td>\n",
       "    </tr>\n",
       "    <tr>\n",
       "      <th>43</th>\n",
       "      <td>44</td>\n",
       "      <td>611210</td>\n",
       "      <td>Otakaro Park</td>\n",
       "      <td>73</td>\n",
       "      <td>820</td>\n",
       "      <td>890</td>\n",
       "      <td>17</td>\n",
       "      <td>24</td>\n",
       "      <td>Invercargill</td>\n",
       "      <td>Main urban area</td>\n",
       "      <td>75</td>\n",
       "      <td>Invercargill City</td>\n",
       "      <td>15</td>\n",
       "      <td>Southland Region</td>\n",
       "    </tr>\n",
       "    <tr>\n",
       "      <th>149</th>\n",
       "      <td>150</td>\n",
       "      <td>584301</td>\n",
       "      <td>Motueka West</td>\n",
       "      <td>34</td>\n",
       "      <td>3890</td>\n",
       "      <td>87</td>\n",
       "      <td>1.7</td>\n",
       "      <td>273</td>\n",
       "      <td>Motueka</td>\n",
       "      <td>Minor urban area</td>\n",
       "      <td>51</td>\n",
       "      <td>Tasman District</td>\n",
       "      <td>16</td>\n",
       "      <td>Tasman Region</td>\n",
       "    </tr>\n",
       "    <tr>\n",
       "      <th>328</th>\n",
       "      <td>329</td>\n",
       "      <td>585140</td>\n",
       "      <td>Greymouth South</td>\n",
       "      <td>20</td>\n",
       "      <td>2850</td>\n",
       "      <td>70</td>\n",
       "      <td>1.3</td>\n",
       "      <td>111</td>\n",
       "      <td>Greymouth</td>\n",
       "      <td>Secondary urban area</td>\n",
       "      <td>56</td>\n",
       "      <td>Grey District</td>\n",
       "      <td>12</td>\n",
       "      <td>West Coast Region</td>\n",
       "    </tr>\n",
       "    <tr>\n",
       "      <th>1615</th>\n",
       "      <td>1616</td>\n",
       "      <td>666670</td>\n",
       "      <td>Oceanic-Snares Islands</td>\n",
       "      <td>0</td>\n",
       "      <td>0</td>\n",
       "      <td>-</td>\n",
       "      <td>-</td>\n",
       "      <td>511</td>\n",
       "      <td>Oceanic</td>\n",
       "      <td>Rural area</td>\n",
       "      <td>999</td>\n",
       "      <td>Area Outside Territorial Authority</td>\n",
       "      <td>99</td>\n",
       "      <td>Area Outside Region</td>\n",
       "    </tr>\n",
       "  </tbody>\n",
       "</table>\n",
       "</div>"
      ],
      "text/plain": [
       "      Index  Area_unit_2013_code             Area_unit_2013_label  \\\n",
       "0         1               514102            Auckland Central West   \n",
       "1         2               573101  Willis Street-Cambridge Terrace   \n",
       "2         3               529700                 Hamilton Central   \n",
       "4         5               591500                 Cathedral Square   \n",
       "7         8               562800         Palmerston North Central   \n",
       "8         9               540410                           Kuirau   \n",
       "10       11               603100           Stuart St-Frederick St   \n",
       "12       13               582500                        Trafalgar   \n",
       "13       14               548200                 Hastings Central   \n",
       "14       15               544600                 Gisborne Central   \n",
       "22       23               551800             New Plymouth Central   \n",
       "26       27               581230                 Blenheim Central   \n",
       "31       32               503100                Whangarei Central   \n",
       "43       44               611210                     Otakaro Park   \n",
       "149     150               584301                     Motueka West   \n",
       "328     329               585140                  Greymouth South   \n",
       "1615   1616               666670           Oceanic-Snares Islands   \n",
       "\n",
       "      Victimisations_calendar_year_2015  Population_mid_point_2015  \\\n",
       "0                                   550                      15900   \n",
       "1                                   447                       8300   \n",
       "2                                   380                       3170   \n",
       "4                                   305                        570   \n",
       "7                                   190                       3060   \n",
       "8                                   168                       1290   \n",
       "10                                  154                       3360   \n",
       "12                                  138                        550   \n",
       "13                                  130                       2970   \n",
       "14                                  128                       3380   \n",
       "22                                  102                        680   \n",
       "26                                   91                       2790   \n",
       "31                                   87                        280   \n",
       "43                                   73                        820   \n",
       "149                                  34                       3890   \n",
       "328                                  20                       2850   \n",
       "1615                                  0                          0   \n",
       "\n",
       "      Rate_per_10000_population   Rate_ratio_NZ_average_rate   \\\n",
       "0                            346                          6.6   \n",
       "1                            539                         10.3   \n",
       "2                          1,199                         22.9   \n",
       "4                          5,351                        102.3   \n",
       "7                            621                         11.9   \n",
       "8                          1,302                         24.9   \n",
       "10                           458                          8.8   \n",
       "12                         2,509                           48   \n",
       "13                           438                          8.4   \n",
       "14                           379                          7.2   \n",
       "22                         1,500                         28.7   \n",
       "26                           326                          6.2   \n",
       "31                         3,107                         59.4   \n",
       "43                           890                           17   \n",
       "149                           87                          1.7   \n",
       "328                           70                          1.3   \n",
       "1615                        -                            -      \n",
       "\n",
       "      Urban_area_2013_code  Urban_area_2013_label       Urban_area_type  \\\n",
       "0                        4  Central Auckland Zone       Main urban area   \n",
       "1                       20        Wellington Zone       Main urban area   \n",
       "2                        6          Hamilton Zone       Main urban area   \n",
       "4                       22           Christchurch       Main urban area   \n",
       "7                       16       Palmerston North       Main urban area   \n",
       "8                       10                Rotorua       Main urban area   \n",
       "10                      23                Dunedin       Main urban area   \n",
       "12                      21                 Nelson       Main urban area   \n",
       "13                      13          Hastings Zone       Main urban area   \n",
       "14                      11               Gisborne       Main urban area   \n",
       "22                      14           New Plymouth       Main urban area   \n",
       "26                      26               Blenheim       Main urban area   \n",
       "31                       1              Whangarei       Main urban area   \n",
       "43                      24           Invercargill       Main urban area   \n",
       "149                    273                Motueka      Minor urban area   \n",
       "328                    111              Greymouth  Secondary urban area   \n",
       "1615                   511                Oceanic            Rural area   \n",
       "\n",
       "      Territorial_authority_area_2013_code  \\\n",
       "0                                       76   \n",
       "1                                       47   \n",
       "2                                       16   \n",
       "4                                       60   \n",
       "7                                       40   \n",
       "8                                       24   \n",
       "10                                      71   \n",
       "12                                      52   \n",
       "13                                      30   \n",
       "14                                      28   \n",
       "22                                      33   \n",
       "26                                      53   \n",
       "31                                       2   \n",
       "43                                      75   \n",
       "149                                     51   \n",
       "328                                     56   \n",
       "1615                                   999   \n",
       "\n",
       "     Territorial_authority_area_2013_label  Region_2013_code  \\\n",
       "0                                 Auckland                 2   \n",
       "1                          Wellington City                 9   \n",
       "2                            Hamilton City                 3   \n",
       "4                        Christchurch City                13   \n",
       "7                    Palmerston North City                 8   \n",
       "8                         Rotorua District                 4   \n",
       "10                            Dunedin City                14   \n",
       "12                             Nelson City                17   \n",
       "13                       Hastings District                 6   \n",
       "14                       Gisborne District                 5   \n",
       "22                   New Plymouth District                 7   \n",
       "26                    Marlborough District                18   \n",
       "31                      Whangarei District                 1   \n",
       "43                       Invercargill City                15   \n",
       "149                        Tasman District                16   \n",
       "328                          Grey District                12   \n",
       "1615    Area Outside Territorial Authority                99   \n",
       "\n",
       "             Region_2013_label  \n",
       "0              Auckland Region  \n",
       "1            Wellington Region  \n",
       "2               Waikato Region  \n",
       "4            Canterbury Region  \n",
       "7     Manawatu-Wanganui Region  \n",
       "8         Bay of Plenty Region  \n",
       "10                Otago Region  \n",
       "12               Nelson Region  \n",
       "13          Hawke's Bay Region  \n",
       "14             Gisborne Region  \n",
       "22             Taranaki Region  \n",
       "26          Marlborough Region  \n",
       "31            Northland Region  \n",
       "43            Southland Region  \n",
       "149              Tasman Region  \n",
       "328          West Coast Region  \n",
       "1615       Area Outside Region  "
      ]
     },
     "execution_count": 56,
     "metadata": {},
     "output_type": "execute_result"
    }
   ],
   "source": [
    "assults = pd.read_csv('assults.csv')\n",
    "print(\"Hur många regioner finns med i data?: \",len(assults.drop_duplicates('Region_2013_label')))\n",
    "assults.drop_duplicates('Region_2013_label')"
   ]
  },
  {
   "cell_type": "markdown",
   "id": "7978b987",
   "metadata": {},
   "source": [
    "### Part 3: Utforskning/analys"
   ]
  },
  {
   "cell_type": "markdown",
   "id": "bad825d6",
   "metadata": {},
   "source": [
    "Minst 500 rader, 5 Kolumner i ditt valda dataset"
   ]
  },
  {
   "cell_type": "markdown",
   "id": "0a51462f",
   "metadata": {},
   "source": [
    "#### Step 1: Välj dataset"
   ]
  },
  {
   "cell_type": "markdown",
   "id": "5f81000f",
   "metadata": {},
   "source": [
    "Hitta ett intressant dataset. Det valda datasettet måste vara i CSV format,  ha minst 500 rader och 5 kolumner. \n",
    "Ladda ner datasetet med pandas read_csv funktion och en url (se nedan). Alternativt i inlämningen skicka med datasettet."
   ]
  },
  {
   "cell_type": "code",
   "execution_count": 58,
   "id": "46fad196",
   "metadata": {},
   "outputs": [],
   "source": [
    "url = 'https://raw.githubusercontent.com/cs109/2014_data/master/countries.csv'\n",
    "data = pd.read_csv(url)"
   ]
  },
  {
   "cell_type": "markdown",
   "id": "c23ca94e",
   "metadata": {},
   "source": [
    "#### Step 2: Data preparation och Cleaning"
   ]
  },
  {
   "cell_type": "markdown",
   "id": "6eb2ac97",
   "metadata": {},
   "source": [
    "Ladda in dataset in i en dataframe med pandas. \n",
    "Behandla missade data, icke-korrekt data och fel data.\n",
    "Gör andra steg som behövs (gör om sträng datum till riktiga datum, skapa fler kolumner, slå ihop datasets osv).\n",
    "Summera hur datasetet ser ut i nuvarande läge i dina markdowns. Storlek, kolumner, kategori typer (qualitative vs. quantitative), kvalitet på data, fång osv."
   ]
  },
  {
   "cell_type": "code",
   "execution_count": null,
   "id": "240b5910",
   "metadata": {},
   "outputs": [],
   "source": []
  },
  {
   "cell_type": "markdown",
   "id": "ae409b44",
   "metadata": {},
   "source": [
    "#### Step 3: Undersökande analys och visualisering"
   ]
  },
  {
   "cell_type": "markdown",
   "id": "0d010da4",
   "metadata": {},
   "source": [
    "Undersök data genom analysera (mean, sum, range osv)  intressant statistik i numeriska kolumnerna.\n",
    "Undersök distributions av numeriska kolumner genom histogram osv\n",
    "Undersök relationen mellan kolumner med scatter plots, bar chars osv.\n",
    "Notera intressanta upptäckter i din markdown."
   ]
  },
  {
   "cell_type": "code",
   "execution_count": null,
   "id": "f52789c0",
   "metadata": {},
   "outputs": [],
   "source": []
  },
  {
   "cell_type": "markdown",
   "id": "db5e7b92",
   "metadata": {},
   "source": [
    "#### Step 4: För VG - fråga och svara på 4 intressanta frågor om datan"
   ]
  },
  {
   "cell_type": "code",
   "execution_count": null,
   "id": "561e8f3e",
   "metadata": {},
   "outputs": [],
   "source": []
  },
  {
   "cell_type": "markdown",
   "id": "b1dadef7",
   "metadata": {},
   "source": [
    "#### Step 5: Summera dina slutsatser & Skriv ett avslut."
   ]
  },
  {
   "cell_type": "code",
   "execution_count": null,
   "id": "ad3521ff",
   "metadata": {},
   "outputs": [],
   "source": []
  }
 ],
 "metadata": {
  "kernelspec": {
   "display_name": "Python 3 (ipykernel)",
   "language": "python",
   "name": "python3"
  },
  "language_info": {
   "codemirror_mode": {
    "name": "ipython",
    "version": 3
   },
   "file_extension": ".py",
   "mimetype": "text/x-python",
   "name": "python",
   "nbconvert_exporter": "python",
   "pygments_lexer": "ipython3",
   "version": "3.9.12"
  }
 },
 "nbformat": 4,
 "nbformat_minor": 5
}
